514299155;0.00305461230156
100001532341819;0.434176199661
100002468904178;0.654171521698
100001735971674;0.930244961068
100000102097849;0.286059447998
100000921390747;0.168065268734
100001186133343;0.0017831304512
1348460158;0.739060961779
675136666;0.00228278131595
1838267273;0.000819308549006
1498821897;0.0130735519436
100001472980575;0.000817696035183
100001810657091;0.0046655090883
100002965712708;0.306049279798
100001803713535;0.118944178327
1133148281;0.206918655883
100002735481271;0.39743924256
100000741511937;0.0861396584608
100000012695439;0.0909630446389
100001076185055;0.0143562874669
100000281362933;0.0241277571227
100000763372226;0.0334472841594
100000542654772;0.251857326441
1582549943;0.00036678017799
550157104;0.023756345208
1142884571;0.00086560330072
764841799;0.18097515844
100002760839238;0.000761848326398
100000472088148;0.646761604545
14803770;0.0634653258597
1483612432;0.39981444376
719026556;0.0166206617
100000358867961;0.120109872033
1802077889;0.00107576835628
100001819812522;0.856503450988
1173099883;0.187761826561
738228012;0.0706226460012
46104043;0.0229238357569
1164636663;0.00307870049895
100000564855471;1.0
100001628056753;0.00213307761322
100001863090970;0.00421440551912
100000498472372;0.0271037271477
1481617868;0.0257643885445
100001836619396;0.00351325601252
1072185285;0.0162595060969
100001246865470;0.0205269775689
1682875453;0.00718168877609
100001800580679;0.307280077901
100000020186386;0.245036813623
18806234;0.0257538902427
1131113015;0.0401064166851
100002032197412;0.411761156117
1381996616;0.0311097565291
1221306682;0.107843933955
1206535274;0.0650235954421
100001587606194;0.851335038868
100000464660123;0.959583033054
1364814191;0.00341208151263
624045612;0.00434781220276
100000835611841;0.0547024892546
100000332919842;0.0109614166558
1015809804;0.0987064965934
1474747575;0.0072822797857
769137139;0.257713813815
100001539922052;0.00244048200169
100001734717925;0.00175508673253
1368220741;0.312456287984
100002740512321;0.783865314233
100000763734822;0.966136881771
747395313;0.120995736921
100002285484252;0.00573783304268
7920817;0.0356891420004
100001119266887;0.0773323137602
10050948;0.00191590615117
699246580;0.0144313428613
100001626920371;0.00310355311383
100001871640274;0.580819376035
100000027702462;0.00489121126864
529017553;0.00460129123413
1206718348;0.00221479565248
100001748972804;0.696883602411
1762123952;0.0030748060406
100001844956037;0.00421916616652
1418295453;0.778813496136
639850652;0.0487405733301
100000381096428;0.653000074506
100001309925046;0.727677222552
1231173526;0.404445110789
100000735155275;0.00482875519324
100001164020936;0.035320984514
100002835980699;0.378526940895
529965935;0.0633523481205
100001974611919;0.00155831029105
733333782;0.25154858093
1496580803;0.039228872188
100000994960497;0.00144891717232
1745071080;0.0202868781052
100000084396538;0.00784599697808
1582707383;0.182706683925
