100001396998713;0.222521137586
100000564855471;0.376633358955
100001524744503;0.265180630284
100001666493203;0.179861644889
100001033590017;0.315142198309
100001503685033;0.187548039969
100000164825107;0.335895465027
100001412062358;0.243658724058
100000551717368;0.284012298232
100001629556161;0.316679477325
100000685136924;0.183704842429
100001281936395;0.205226748655
100001466070544;0.228285933897
100000967249250;0.19523443505
100001589543710;0.332052267487
100001528975122;0.534588777863
100000846184250;0.351268255188
100001120517982;0.310530361261
100001654831526;0.491160645657
100001623219108;0.537279016141
100001500385054;0.212528823982
100000466053634;0.205611068409
100000807961298;0.450038431975
100000714288948;0.490776325903
100001642668052;1.0
100000221560881;0.23520368947
100000287519227;0.321675634128
100001474912859;0.894696387394
100001516803615;0.348962336664
100000708348521;0.284012298232
100000508457541;0.449654112221
100001064502878;0.200230591852
100000901100492;0.341660261337
100001645958048;0.276325903151
100001596682750;0.596079938509
100001651206026;0.501152959262
100001673909051;0.596464258263
100000732812962;0.403535741737
100001245952798;0.337048424289
100000983323446;0.330130668716
100000541861806;0.415065334358
100001149158115;0.185626441199
100000104539906;0.467332820907
100000508376292;0.273251345119
100000773748432;0.293620292083
100000201611181;0.198693312836
100001487391725;0.202920830131
100000858586602;0.177555726364
100000996808574;0.19331283628
100001472164478;0.452728670254
100001479172711;0.270945426595
100001391675485;0.187163720215
100001617894250;0.80476556495
100001091804798;0.443120676403
100001482978224;0.479246733282
100001599767417;0.261721752498
100000458339229;0.255188316679
100001298065219;0.629131437356
100000938541559;0.223289777095
100000389755824;0.341660261337
100000834754520;0.403920061491
100001589992541;0.227901614143
100000670394920;0.24096848578
100000571873470;0.174865488086
100000921428374;0.211375864719
100001565813236;0.189853958493
100000940397202;0.267102229055
100001461528848;0.208301306687
100000509498753;0.352805534204
100001422042549;0.337432744043
100001234730509;0.551114527287
100001622268079;0.617986164489
100001596398164;0.235972328978
100001184283285;0.40853189854
100000343533600;0.259800153728
100000134968701;0.399308224443
100000231107138;0.45810914681
100001608623647;0.251729438893
100000491408547;0.292467332821
100000121098799;0.578785549577
100000162868405;0.260184473482
100000508347687;0.186779400461
100001641379709;0.573405073021
100000482485514;0.323597232898
100001560589182;0.679861644889
100001244198818;0.304381245196
100000862243395;0.268639508071
100001523311412;0.563412759416
100000789747423;0.199461952344
100000927068411;0.338201383551
100000920328110;0.503458877786
100000690578073;0.197924673328
100001592446025;0.217524980784
100000803403563;0.340507302075
100001582090681;0.337432744043
100001509591438;0.245580322829
100000990058344;0.407763259032
100001547410451;0.23520368947
100001392788759;0.612990007686
100001019675952;0.192544196772
