514299155;1.14637487605e-05
100001532341819;0.000391694801895
100002468904178;0.000533280785552
100001735971674;0.000516197105807
100000102097849;0.000175773579796
100000921390747;0.000574078461625
100001186133343;3.81562881563e-05
1348460158;0.000547140324251
675136666;2.41021932996e-05
1838267273;1.94014405257e-05
1498821897;6.12745098039e-05
100001472980575;0.000114746273041
100001810657091;0.000118354770871
100002965712708;0.000641395665841
100001803713535;0.00048563592432
1133148281;0.000650054171181
100002735481271;0.00066720475291
100000741511937;0.000446325621596
100000012695439;0.000187978027313
100001076185055;0.000223399997066
100000281362933;4.29547498557e-05
100000763372226;0.000239936573288
100000542654772;0.000129531510082
1582549943;0.0
550157104;0.000263463433687
1142884571;0.000165935759156
764841799;0.000334611905027
100002760839238;0.0
100000472088148;0.000536222497964
14803770;0.000326214256811
1483612432;0.000316883567378
719026556;0.000273263267121
100000358867961;0.000104139546993
1802077889;1.12194410474e-05
100001819812522;0.000695183165093
1173099883;0.000460124719506
738228012;0.000295229664258
46104043;9.6025504374e-05
1164636663;8.73684619268e-05
100000564855471;0.00044073616878
100001628056753;6.56949291727e-05
100001863090970;7.50219055274e-05
100000498472372;0.000366442900668
1481617868;0.000183483763036
100001836619396;0.000199508709802
1072185285;0.000117536436295
100001246865470;0.000265539177786
1682875453;0.000149610116038
100001800580679;0.000379581198374
100000020186386;0.000620040627647
18806234;0.000137633045277
1131113015;0.000276200575154
100002032197412;0.000985446721895
1381996616;0.000175833393826
1221306682;0.000206971852184
1206535274;0.000283216479675
100001587606194;0.000592787286906
100000464660123;0.000593860933506
1364814191;9.01916572717e-05
624045612;4.58727974311e-05
100000835611841;0.000590996040021
100000332919842;4.73969839719e-05
1015809804;0.000504503866206
1474747575;1.00633825377e-05
769137139;0.00015550309668
100001539922052;0.0
100001734717925;0.000356898126999
1368220741;0.000196571850593
100002740512321;0.000565892959908
100000763734822;0.000602330866617
747395313;0.000390896414532
100002285484252;4.02267597345e-05
7920817;0.000208520591106
100001119266887;0.000207533464771
10050948;1.34213775702e-05
699246580;0.000166650750584
100001626920371;0.00012769251642
100001871640274;0.000693981947931
100000027702462;3.94776869791e-05
529017553;6.68244879574e-05
1206718348;1.89484169951e-05
100001748972804;0.000576570270987
1762123952;3.65776531778e-05
100001844956037;7.38473276129e-06
1418295453;0.000746659741315
639850652;0.000171395202451
100000381096428;0.000771001659321
100001309925046;0.00061515462994
1231173526;0.00062345103575
100000735155275;9.44891809888e-05
100001164020936;0.000252990230392
100002835980699;0.000411603547909
529965935;0.000224507545193
100001974611919;0.0
733333782;0.000349830046203
1496580803;0.000244032838622
100000994960497;5.34988230259e-05
1745071080;9.85617864127e-05
100000084396538;5.58745058598e-05
1582707383;0.000317576879707
